# capture at 2026-06-25 18:53:42.481798
# system time now = 2026-06-25 18:53:42.481798

## trigger clicks:
  18:53:36.222  click TFT图标 @ (1005, 830)
  18:53:37.479  click 时间校正 @ (2685, 1265)
  18:53:38.781  click 应用 @ (2080, 1280)

## handle -> device path (3):
  0xdcc  ->  C:\Windows\Fonts\staticcache.dat
  0xd8c  ->  C:\Software\QK Config\skins\theme1\img_radiobox.png
  0xde4  ->  C:\Software\QK Config\skins\theme1\img_button2.png

## all CreateFile opens (9):
  [18:53:36.453] CreateFileW 0xdcc -> C:\Windows\Fonts\staticcache.dat
  [18:53:37.671] CreateFileW 0xd8c -> C:\Software\QK Config\skins\theme1\img_radiobox.png
  [18:53:37.671] CreateFileW 0xd8c -> C:\Software\QK Config\skins\theme1\img_radiobox.png
  [18:53:37.671] CreateFileW 0xd8c -> C:\Software\QK Config\skins\theme1\img_radiobox.png
  [18:53:37.671] CreateFileW 0xd8c -> C:\Software\QK Config\skins\theme1\img_radiobox.png
  [18:53:37.672] CreateFileW 0xde4 -> C:\Software\QK Config\skins\theme1\img_button2.png
  [18:53:37.673] CreateFileW 0xde4 -> C:\Software\QK Config\skins\theme1\img_button2.png
  [18:53:37.673] CreateFileW 0xde4 -> C:\Software\QK Config\skins\theme1\img_button2.png
  [18:53:37.673] CreateFileW 0xde4 -> C:\Software\QK Config\skins\theme1\img_button2.png

## captured writes (26):
  [18:53:38.987] HidD_SetFeature h=0x9f4 path= len=65
      00 04 18 00 00 00 00 00 00 00 00 00 00 00 00 00 00 00 00 00 00 00 00 00 00 00 00 00 00 00 00 00 00 00 00 00 00 00 00 00 00 00 00 00 00 00 00 00 00 00 00 00 00 00 00 00 00 00 00 00 00 00 00 00 00
  [18:53:38.988] DeviceIoControl(code=0xb0191) h=0x9f4 path= len=65
      00 04 18 00 00 00 00 00 00 00 00 00 00 00 00 00 00 00 00 00 00 00 00 00 00 00 00 00 00 00 00 00 00 00 00 00 00 00 00 00 00 00 00 00 00 00 00 00 00 00 00 00 00 00 00 00 00 00 00 00 00 00 00 00 00
  [18:53:39.000] DeviceIoControl(code=0xb0192) h=0x9f4 path= len=65
      00 04 18 00 00 00 00 00 00 00 00 00 00 00 00 00 00 00 00 00 00 00 00 00 00 00 00 00 00 00 00 00 00 00 00 00 00 00 00 00 00 00 00 00 00 00 00 00 00 00 00 00 00 00 00 00 00 00 00 00 00 00 00 00 00
  [18:53:39.012] HidD_SetFeature h=0x9f4 path= len=65
      00 04 28 00 00 00 00 00 00 01 00 00 00 00 00 00 00 00 00 00 00 00 00 00 00 00 00 00 00 00 00 00 00 00 00 00 00 00 00 00 00 00 00 00 00 00 00 00 00 00 00 00 00 00 00 00 00 00 00 00 00 00 00 00 00
  [18:53:39.012] DeviceIoControl(code=0xb0191) h=0x9f4 path= len=65
      00 04 28 00 00 00 00 00 00 01 00 00 00 00 00 00 00 00 00 00 00 00 00 00 00 00 00 00 00 00 00 00 00 00 00 00 00 00 00 00 00 00 00 00 00 00 00 00 00 00 00 00 00 00 00 00 00 00 00 00 00 00 00 00 00
  [18:53:39.024] DeviceIoControl(code=0xb0192) h=0x9f4 path= len=65
      00 04 28 00 00 00 00 00 00 01 00 00 00 00 00 00 00 00 00 00 00 00 00 00 00 00 00 00 00 00 00 00 00 00 00 00 00 00 00 00 00 00 00 00 00 00 00 00 00 00 00 00 00 00 00 00 00 00 00 00 00 00 00 00 00
  [18:53:39.036] HidD_SetFeature h=0x9f4 path= len=65
      00 5A 00 5A 1A 06 19 12 35 27 00 04 00 00 00 00 00 00 00 00 00 00 00 00 00 00 00 00 00 00 00 00 00 00 00 00 00 00 00 00 00 00 00 00 00 00 00 00 00 00 00 00 00 00 00 00 00 00 00 00 00 00 00 AA 55
  [18:53:39.036] DeviceIoControl(code=0xb0191) h=0x9f4 path= len=65
      00 5A 00 5A 1A 06 19 12 35 27 00 04 00 00 00 00 00 00 00 00 00 00 00 00 00 00 00 00 00 00 00 00 00 00 00 00 00 00 00 00 00 00 00 00 00 00 00 00 00 00 00 00 00 00 00 00 00 00 00 00 00 00 00 AA 55
  [18:53:39.128] HidD_SetFeature h=0x9f4 path= len=65
      00 04 02 00 00 00 00 00 00 00 00 00 00 00 00 00 00 00 00 00 00 00 00 00 00 00 00 00 00 00 00 00 00 00 00 00 00 00 00 00 00 00 00 00 00 00 00 00 00 00 00 00 00 00 00 00 00 00 00 00 00 00 00 00 00
  [18:53:39.128] DeviceIoControl(code=0xb0191) h=0x9f4 path= len=65
      00 04 02 00 00 00 00 00 00 00 00 00 00 00 00 00 00 00 00 00 00 00 00 00 00 00 00 00 00 00 00 00 00 00 00 00 00 00 00 00 00 00 00 00 00 00 00 00 00 00 00 00 00 00 00 00 00 00 00 00 00 00 00 00 00
  [18:53:39.141] DeviceIoControl(code=0xb0192) h=0x9f4 path= len=65
      00 04 02 00 00 00 00 00 00 00 00 00 00 00 00 00 00 00 00 00 00 00 00 00 00 00 00 00 00 00 00 00 00 00 00 00 00 00 00 00 00 00 00 00 00 00 00 00 00 00 00 00 00 00 00 00 00 00 00 00 00 00 00 00 00
  [18:53:39.152] HidD_SetFeature h=0x9f4 path= len=65
      00 04 18 00 00 00 00 00 00 00 00 00 00 00 00 00 00 00 00 00 00 00 00 00 00 00 00 00 00 00 00 00 00 00 00 00 00 00 00 00 00 00 00 00 00 00 00 00 00 00 00 00 00 00 00 00 00 00 00 00 00 00 00 00 00
  [18:53:39.152] DeviceIoControl(code=0xb0191) h=0x9f4 path= len=65
      00 04 18 00 00 00 00 00 00 00 00 00 00 00 00 00 00 00 00 00 00 00 00 00 00 00 00 00 00 00 00 00 00 00 00 00 00 00 00 00 00 00 00 00 00 00 00 00 00 00 00 00 00 00 00 00 00 00 00 00 00 00 00 00 00
  [18:53:39.164] DeviceIoControl(code=0xb0192) h=0x9f4 path= len=65
      00 04 18 00 00 00 00 00 00 00 00 00 00 00 00 00 00 00 00 00 00 00 00 00 00 00 00 00 00 00 00 00 00 00 00 00 00 00 00 00 00 00 00 00 00 00 00 00 00 00 00 00 00 00 00 00 00 00 00 00 00 00 00 00 00
  [18:53:39.177] HidD_SetFeature h=0x9f4 path= len=65
      00 04 17 00 00 00 00 00 00 01 00 00 00 00 00 00 00 00 00 00 00 00 00 00 00 00 00 00 00 00 00 00 00 00 00 00 00 00 00 00 00 00 00 00 00 00 00 00 00 00 00 00 00 00 00 00 00 00 00 00 00 00 00 00 00
  [18:53:39.177] DeviceIoControl(code=0xb0191) h=0x9f4 path= len=65
      00 04 17 00 00 00 00 00 00 01 00 00 00 00 00 00 00 00 00 00 00 00 00 00 00 00 00 00 00 00 00 00 00 00 00 00 00 00 00 00 00 00 00 00 00 00 00 00 00 00 00 00 00 00 00 00 00 00 00 00 00 00 00 00 00
  [18:53:39.188] DeviceIoControl(code=0xb0192) h=0x9f4 path= len=65
      00 04 17 00 00 00 00 00 00 01 00 00 00 00 00 00 00 00 00 00 00 00 00 00 00 00 00 00 00 00 00 00 00 00 00 00 00 00 00 00 00 00 00 00 00 00 00 00 00 00 00 00 00 00 00 00 00 00 00 00 00 00 00 00 00
  [18:53:39.201] HidD_SetFeature h=0x9f4 path= len=65
      00 00 00 00 00 00 00 02 07 02 00 00 00 00 00 00 00 00 00 00 00 00 00 00 00 00 00 00 00 00 00 00 00 00 00 00 00 00 00 00 00 00 00 00 00 00 00 00 00 00 00 00 00 00 00 00 00 00 00 00 00 00 00 AA 55
  [18:53:39.201] DeviceIoControl(code=0xb0191) h=0x9f4 path= len=65
      00 00 00 00 00 00 00 02 07 02 00 00 00 00 00 00 00 00 00 00 00 00 00 00 00 00 00 00 00 00 00 00 00 00 00 00 00 00 00 00 00 00 00 00 00 00 00 00 00 00 00 00 00 00 00 00 00 00 00 00 00 00 00 AA 55
  [18:53:39.213] DeviceIoControl(code=0xb0192) h=0x9f4 path= len=65
      00 00 00 00 00 00 00 02 07 02 00 00 00 00 00 00 00 00 00 00 00 00 00 00 00 00 00 00 00 00 00 00 00 00 00 00 00 00 00 00 00 00 00 00 00 00 00 00 00 00 00 00 00 00 00 00 00 00 00 00 00 00 00 AA 55
  [18:53:39.215] HidD_SetFeature h=0x9f4 path= len=65
      00 00 00 00 00 00 00 02 07 02 00 00 00 00 00 00 00 00 00 00 00 00 00 00 00 00 00 00 00 00 00 00 00 00 00 00 00 00 00 00 00 00 00 00 00 00 00 00 00 00 00 00 00 00 00 00 00 00 00 00 00 00 00 AA 55
  [18:53:39.215] DeviceIoControl(code=0xb0191) h=0x9f4 path= len=65
      00 00 00 00 00 00 00 02 07 02 00 00 00 00 00 00 00 00 00 00 00 00 00 00 00 00 00 00 00 00 00 00 00 00 00 00 00 00 00 00 00 00 00 00 00 00 00 00 00 00 00 00 00 00 00 00 00 00 00 00 00 00 00 AA 55
  [18:53:39.229] DeviceIoControl(code=0xb0192) h=0x9f4 path= len=65
      00 00 00 00 00 00 00 02 07 02 00 00 00 00 00 00 00 00 00 00 00 00 00 00 00 00 00 00 00 00 00 00 00 00 00 00 00 00 00 00 00 00 00 00 00 00 00 00 00 00 00 00 00 00 00 00 00 00 00 00 00 00 00 AA 55
  [18:53:39.321] HidD_SetFeature h=0x9f4 path= len=65
      00 04 02 00 00 00 00 00 00 00 00 00 00 00 00 00 00 00 00 00 00 00 00 00 00 00 00 00 00 00 00 00 00 00 00 00 00 00 00 00 00 00 00 00 00 00 00 00 00 00 00 00 00 00 00 00 00 00 00 00 00 00 00 00 00
  [18:53:39.321] DeviceIoControl(code=0xb0191) h=0x9f4 path= len=65
      00 04 02 00 00 00 00 00 00 00 00 00 00 00 00 00 00 00 00 00 00 00 00 00 00 00 00 00 00 00 00 00 00 00 00 00 00 00 00 00 00 00 00 00 00 00 00 00 00 00 00 00 00 00 00 00 00 00 00 00 00 00 00 00 00
  [18:53:39.333] DeviceIoControl(code=0xb0192) h=0x9f4 path= len=65
      00 04 02 00 00 00 00 00 00 00 00 00 00 00 00 00 00 00 00 00 00 00 00 00 00 00 00 00 00 00 00 00 00 00 00 00 00 00 00 00 00 00 00 00 00 00 00 00 00 00 00 00 00 00 00 00 00 00 00 00 00 00 00 00 00
